275350834
195703867
216850562
275355751
196285035
229725600
245939132
187832530
259992166
252642470
196004039
262649174
76643292
188806166
275353858
275280330
259985447
262997625
242513069
187767239
275377388
199207540
187032166
207826261
187764044
258110861
275270569
275292156
275281763
195185622
274993928
275491086
275491127
226287991
262684033
275495700
221022984
240058461
235890363
275466643
257311997
239621701
275039647
273275479
227572942
275356323
263122085
274785297
275369905
262986160
212462640
263331335
240619854
275515339
